0.0 0.0 0.0 0.0 1.0 
0.0 0.0 0.0 0.19611613513818404 0.9805806756909202 
0.0 0.0 0.0 0.4472135954999579 0.8944271909999159 
0.0 0.0 0.0 0.7071067811865475 0.7071067811865475 
0.0 0.0 0.0 0.8944271909999159 0.4472135954999579 
0.0 0.0 0.0 0.9805806756909202 0.19611613513818404 
0.0 0.0 0.0 1.0 0.0 
0.0 0.0 0.19611613513818404 0.0 0.9805806756909202 
0.0 0.0 0.23570226039551584 0.23570226039551584 0.9428090415820634 
0.0 0.0 0.2672612419124244 0.5345224838248488 0.8017837257372732 
0.0 0.0 0.2672612419124244 0.8017837257372732 0.5345224838248488 
0.0 0.0 0.23570226039551584 0.9428090415820634 0.23570226039551584 
0.0 0.0 0.19611613513818404 0.9805806756909202 0.0 
0.0 0.0 0.4472135954999579 0.0 0.8944271909999159 
0.0 0.0 0.5345224838248488 0.2672612419124244 0.8017837257372732 
0.0 0.0 0.5773502691896257 0.5773502691896257 0.5773502691896257 
0.0 0.0 0.5345224838248488 0.8017837257372732 0.2672612419124244 
0.0 0.0 0.4472135954999579 0.8944271909999159 0.0 
0.0 0.0 0.7071067811865475 0.0 0.7071067811865475 
0.0 0.0 0.8017837257372732 0.2672612419124244 0.5345224838248488 
0.0 0.0 0.8017837257372732 0.5345224838248488 0.2672612419124244 
0.0 0.0 0.7071067811865475 0.7071067811865475 0.0 
0.0 0.0 0.8944271909999159 0.0 0.4472135954999579 
0.0 0.0 0.9428090415820634 0.23570226039551584 0.23570226039551584 
0.0 0.0 0.8944271909999159 0.4472135954999579 0.0 
0.0 0.0 0.9805806756909202 0.0 0.19611613513818404 
0.0 0.0 0.9805806756909202 0.19611613513818404 0.0 
0.0 0.0 1.0 0.0 0.0 
0.0 0.19611613513818404 0.0 0.0 0.9805806756909202 
0.0 0.23570226039551584 0.0 0.23570226039551584 0.9428090415820634 
0.0 0.2672612419124244 0.0 0.5345224838248488 0.8017837257372732 
0.0 0.2672612419124244 0.0 0.8017837257372732 0.5345224838248488 
0.0 0.23570226039551584 0.0 0.9428090415820634 0.23570226039551584 
0.0 0.19611613513818404 0.0 0.9805806756909202 0.0 
0.0 0.23570226039551584 0.23570226039551584 0.0 0.9428090415820634 
0.0 0.28867513459481287 0.28867513459481287 0.28867513459481287 0.8660254037844386 
0.0 0.31622776601683794 0.31622776601683794 0.6324555320336759 0.6324555320336759 
0.0 0.28867513459481287 0.28867513459481287 0.8660254037844386 0.28867513459481287 
0.0 0.23570226039551584 0.23570226039551584 0.9428090415820634 0.0 
0.0 0.2672612419124244 0.5345224838248488 0.0 0.8017837257372732 
0.0 0.31622776601683794 0.6324555320336759 0.31622776601683794 0.6324555320336759 
0.0 0.31622776601683794 0.6324555320336759 0.6324555320336759 0.31622776601683794 
0.0 0.2672612419124244 0.5345224838248488 0.8017837257372732 0.0 
0.0 0.2672612419124244 0.8017837257372732 0.0 0.5345224838248488 
0.0 0.28867513459481287 0.8660254037844386 0.28867513459481287 0.28867513459481287 
0.0 0.2672612419124244 0.8017837257372732 0.5345224838248488 0.0 
0.0 0.23570226039551584 0.9428090415820634 0.0 0.23570226039551584 
0.0 0.23570226039551584 0.9428090415820634 0.23570226039551584 0.0 
0.0 0.19611613513818404 0.9805806756909202 0.0 0.0 
0.0 0.4472135954999579 0.0 0.0 0.8944271909999159 
0.0 0.5345224838248488 0.0 0.2672612419124244 0.8017837257372732 
0.0 0.5773502691896257 0.0 0.5773502691896257 0.5773502691896257 
0.0 0.5345224838248488 0.0 0.8017837257372732 0.2672612419124244 
0.0 0.4472135954999579 0.0 0.8944271909999159 0.0 
0.0 0.5345224838248488 0.2672612419124244 0.0 0.8017837257372732 
0.0 0.6324555320336759 0.31622776601683794 0.31622776601683794 0.6324555320336759 
0.0 0.6324555320336759 0.31622776601683794 0.6324555320336759 0.31622776601683794 
0.0 0.5345224838248488 0.2672612419124244 0.8017837257372732 0.0 
0.0 0.5773502691896257 0.5773502691896257 0.0 0.5773502691896257 
0.0 0.6324555320336759 0.6324555320336759 0.31622776601683794 0.31622776601683794 
0.0 0.5773502691896257 0.5773502691896257 0.5773502691896257 0.0 
0.0 0.5345224838248488 0.8017837257372732 0.0 0.2672612419124244 
0.0 0.5345224838248488 0.8017837257372732 0.2672612419124244 0.0 
0.0 0.4472135954999579 0.8944271909999159 0.0 0.0 
0.0 0.7071067811865475 0.0 0.0 0.7071067811865475 
0.0 0.8017837257372732 0.0 0.2672612419124244 0.5345224838248488 
0.0 0.8017837257372732 0.0 0.5345224838248488 0.2672612419124244 
0.0 0.7071067811865475 0.0 0.7071067811865475 0.0 
0.0 0.8017837257372732 0.2672612419124244 0.0 0.5345224838248488 
0.0 0.8660254037844386 0.28867513459481287 0.28867513459481287 0.28867513459481287 
0.0 0.8017837257372732 0.2672612419124244 0.5345224838248488 0.0 
0.0 0.8017837257372732 0.5345224838248488 0.0 0.2672612419124244 
0.0 0.8017837257372732 0.5345224838248488 0.2672612419124244 0.0 
0.0 0.7071067811865475 0.7071067811865475 0.0 0.0 
0.0 0.8944271909999159 0.0 0.0 0.4472135954999579 
0.0 0.9428090415820634 0.0 0.23570226039551584 0.23570226039551584 
0.0 0.8944271909999159 0.0 0.4472135954999579 0.0 
0.0 0.9428090415820634 0.23570226039551584 0.0 0.23570226039551584 
0.0 0.9428090415820634 0.23570226039551584 0.23570226039551584 0.0 
0.0 0.8944271909999159 0.4472135954999579 0.0 0.0 
0.0 0.9805806756909202 0.0 0.0 0.19611613513818404 
0.0 0.9805806756909202 0.0 0.19611613513818404 0.0 
0.0 0.9805806756909202 0.19611613513818404 0.0 0.0 
0.0 1.0 0.0 0.0 0.0 
0.19611613513818404 0.0 0.0 0.0 0.9805806756909202 
0.23570226039551584 0.0 0.0 0.23570226039551584 0.9428090415820634 
0.2672612419124244 0.0 0.0 0.5345224838248488 0.8017837257372732 
0.2672612419124244 0.0 0.0 0.8017837257372732 0.5345224838248488 
0.23570226039551584 0.0 0.0 0.9428090415820634 0.23570226039551584 
0.19611613513818404 0.0 0.0 0.9805806756909202 0.0 
0.23570226039551584 0.0 0.23570226039551584 0.0 0.9428090415820634 
0.28867513459481287 0.0 0.28867513459481287 0.28867513459481287 0.8660254037844386 
0.31622776601683794 0.0 0.31622776601683794 0.6324555320336759 0.6324555320336759 
0.28867513459481287 0.0 0.28867513459481287 0.8660254037844386 0.28867513459481287 
0.23570226039551584 0.0 0.23570226039551584 0.9428090415820634 0.0 
0.2672612419124244 0.0 0.5345224838248488 0.0 0.8017837257372732 
0.31622776601683794 0.0 0.6324555320336759 0.31622776601683794 0.6324555320336759 
0.31622776601683794 0.0 0.6324555320336759 0.6324555320336759 0.31622776601683794 
0.2672612419124244 0.0 0.5345224838248488 0.8017837257372732 0.0 
0.2672612419124244 0.0 0.8017837257372732 0.0 0.5345224838248488 
0.28867513459481287 0.0 0.8660254037844386 0.28867513459481287 0.28867513459481287 
0.2672612419124244 0.0 0.8017837257372732 0.5345224838248488 0.0 
0.23570226039551584 0.0 0.9428090415820634 0.0 0.23570226039551584 
0.23570226039551584 0.0 0.9428090415820634 0.23570226039551584 0.0 
0.19611613513818404 0.0 0.9805806756909202 0.0 0.0 
0.23570226039551584 0.23570226039551584 0.0 0.0 0.9428090415820634 
0.28867513459481287 0.28867513459481287 0.0 0.28867513459481287 0.8660254037844386 
0.31622776601683794 0.31622776601683794 0.0 0.6324555320336759 0.6324555320336759 
0.28867513459481287 0.28867513459481287 0.0 0.8660254037844386 0.28867513459481287 
0.23570226039551584 0.23570226039551584 0.0 0.9428090415820634 0.0 
0.28867513459481287 0.28867513459481287 0.28867513459481287 0.0 0.8660254037844386 
0.3535533905932738 0.3535533905932738 0.3535533905932738 0.3535533905932738 0.7071067811865476 
0.3535533905932738 0.3535533905932738 0.3535533905932738 0.7071067811865476 0.3535533905932738 
0.28867513459481287 0.28867513459481287 0.28867513459481287 0.8660254037844386 0.0 
0.31622776601683794 0.31622776601683794 0.6324555320336759 0.0 0.6324555320336759 
0.3535533905932738 0.3535533905932738 0.7071067811865476 0.3535533905932738 0.3535533905932738 
0.31622776601683794 0.31622776601683794 0.6324555320336759 0.6324555320336759 0.0 
0.28867513459481287 0.28867513459481287 0.8660254037844386 0.0 0.28867513459481287 
0.28867513459481287 0.28867513459481287 0.8660254037844386 0.28867513459481287 0.0 
0.23570226039551584 0.23570226039551584 0.9428090415820634 0.0 0.0 
0.2672612419124244 0.5345224838248488 0.0 0.0 0.8017837257372732 
0.31622776601683794 0.6324555320336759 0.0 0.31622776601683794 0.6324555320336759 
0.31622776601683794 0.6324555320336759 0.0 0.6324555320336759 0.31622776601683794 
0.2672612419124244 0.5345224838248488 0.0 0.8017837257372732 0.0 
0.31622776601683794 0.6324555320336759 0.31622776601683794 0.0 0.6324555320336759 
0.3535533905932738 0.7071067811865476 0.3535533905932738 0.3535533905932738 0.3535533905932738 
0.31622776601683794 0.6324555320336759 0.31622776601683794 0.6324555320336759 0.0 
0.31622776601683794 0.6324555320336759 0.6324555320336759 0.0 0.31622776601683794 
0.31622776601683794 0.6324555320336759 0.6324555320336759 0.31622776601683794 0.0 
0.2672612419124244 0.5345224838248488 0.8017837257372732 0.0 0.0 
0.2672612419124244 0.8017837257372732 0.0 0.0 0.5345224838248488 
0.28867513459481287 0.8660254037844386 0.0 0.28867513459481287 0.28867513459481287 
0.2672612419124244 0.8017837257372732 0.0 0.5345224838248488 0.0 
0.28867513459481287 0.8660254037844386 0.28867513459481287 0.0 0.28867513459481287 
0.28867513459481287 0.8660254037844386 0.28867513459481287 0.28867513459481287 0.0 
0.2672612419124244 0.8017837257372732 0.5345224838248488 0.0 0.0 
0.23570226039551584 0.9428090415820634 0.0 0.0 0.23570226039551584 
0.23570226039551584 0.9428090415820634 0.0 0.23570226039551584 0.0 
0.23570226039551584 0.9428090415820634 0.23570226039551584 0.0 0.0 
0.19611613513818404 0.9805806756909202 0.0 0.0 0.0 
0.4472135954999579 0.0 0.0 0.0 0.8944271909999159 
0.5345224838248488 0.0 0.0 0.2672612419124244 0.8017837257372732 
0.5773502691896257 0.0 0.0 0.5773502691896257 0.5773502691896257 
0.5345224838248488 0.0 0.0 0.8017837257372732 0.2672612419124244 
0.4472135954999579 0.0 0.0 0.8944271909999159 0.0 
0.5345224838248488 0.0 0.2672612419124244 0.0 0.8017837257372732 
0.6324555320336759 0.0 0.31622776601683794 0.31622776601683794 0.6324555320336759 
0.6324555320336759 0.0 0.31622776601683794 0.6324555320336759 0.31622776601683794 
0.5345224838248488 0.0 0.2672612419124244 0.8017837257372732 0.0 
0.5773502691896257 0.0 0.5773502691896257 0.0 0.5773502691896257 
0.6324555320336759 0.0 0.6324555320336759 0.31622776601683794 0.31622776601683794 
0.5773502691896257 0.0 0.5773502691896257 0.5773502691896257 0.0 
0.5345224838248488 0.0 0.8017837257372732 0.0 0.2672612419124244 
0.5345224838248488 0.0 0.8017837257372732 0.2672612419124244 0.0 
0.4472135954999579 0.0 0.8944271909999159 0.0 0.0 
0.5345224838248488 0.2672612419124244 0.0 0.0 0.8017837257372732 
0.6324555320336759 0.31622776601683794 0.0 0.31622776601683794 0.6324555320336759 
0.6324555320336759 0.31622776601683794 0.0 0.6324555320336759 0.31622776601683794 
0.5345224838248488 0.2672612419124244 0.0 0.8017837257372732 0.0 
0.6324555320336759 0.31622776601683794 0.31622776601683794 0.0 0.6324555320336759 
0.7071067811865476 0.3535533905932738 0.3535533905932738 0.3535533905932738 0.3535533905932738 
0.6324555320336759 0.31622776601683794 0.31622776601683794 0.6324555320336759 0.0 
0.6324555320336759 0.31622776601683794 0.6324555320336759 0.0 0.31622776601683794 
0.6324555320336759 0.31622776601683794 0.6324555320336759 0.31622776601683794 0.0 
0.5345224838248488 0.2672612419124244 0.8017837257372732 0.0 0.0 
0.5773502691896257 0.5773502691896257 0.0 0.0 0.5773502691896257 
0.6324555320336759 0.6324555320336759 0.0 0.31622776601683794 0.31622776601683794 
0.5773502691896257 0.5773502691896257 0.0 0.5773502691896257 0.0 
0.6324555320336759 0.6324555320336759 0.31622776601683794 0.0 0.31622776601683794 
0.6324555320336759 0.6324555320336759 0.31622776601683794 0.31622776601683794 0.0 
0.5773502691896257 0.5773502691896257 0.5773502691896257 0.0 0.0 
0.5345224838248488 0.8017837257372732 0.0 0.0 0.2672612419124244 
0.5345224838248488 0.8017837257372732 0.0 0.2672612419124244 0.0 
0.5345224838248488 0.8017837257372732 0.2672612419124244 0.0 0.0 
0.4472135954999579 0.8944271909999159 0.0 0.0 0.0 
0.7071067811865475 0.0 0.0 0.0 0.7071067811865475 
0.8017837257372732 0.0 0.0 0.2672612419124244 0.5345224838248488 
0.8017837257372732 0.0 0.0 0.5345224838248488 0.2672612419124244 
0.7071067811865475 0.0 0.0 0.7071067811865475 0.0 
0.8017837257372732 0.0 0.2672612419124244 0.0 0.5345224838248488 
0.8660254037844386 0.0 0.28867513459481287 0.28867513459481287 0.28867513459481287 
0.8017837257372732 0.0 0.2672612419124244 0.5345224838248488 0.0 
0.8017837257372732 0.0 0.5345224838248488 0.0 0.2672612419124244 
0.8017837257372732 0.0 0.5345224838248488 0.2672612419124244 0.0 
0.7071067811865475 0.0 0.7071067811865475 0.0 0.0 
0.8017837257372732 0.2672612419124244 0.0 0.0 0.5345224838248488 
0.8660254037844386 0.28867513459481287 0.0 0.28867513459481287 0.28867513459481287 
0.8017837257372732 0.2672612419124244 0.0 0.5345224838248488 0.0 
0.8660254037844386 0.28867513459481287 0.28867513459481287 0.0 0.28867513459481287 
0.8660254037844386 0.28867513459481287 0.28867513459481287 0.28867513459481287 0.0 
0.8017837257372732 0.2672612419124244 0.5345224838248488 0.0 0.0 
0.8017837257372732 0.5345224838248488 0.0 0.0 0.2672612419124244 
0.8017837257372732 0.5345224838248488 0.0 0.2672612419124244 0.0 
0.8017837257372732 0.5345224838248488 0.2672612419124244 0.0 0.0 
0.7071067811865475 0.7071067811865475 0.0 0.0 0.0 
0.8944271909999159 0.0 0.0 0.0 0.4472135954999579 
0.9428090415820634 0.0 0.0 0.23570226039551584 0.23570226039551584 
0.8944271909999159 0.0 0.0 0.4472135954999579 0.0 
0.9428090415820634 0.0 0.23570226039551584 0.0 0.23570226039551584 
0.9428090415820634 0.0 0.23570226039551584 0.23570226039551584 0.0 
0.8944271909999159 0.0 0.4472135954999579 0.0 0.0 
0.9428090415820634 0.23570226039551584 0.0 0.0 0.23570226039551584 
0.9428090415820634 0.23570226039551584 0.0 0.23570226039551584 0.0 
0.9428090415820634 0.23570226039551584 0.23570226039551584 0.0 0.0 
0.8944271909999159 0.4472135954999579 0.0 0.0 0.0 
0.9805806756909202 0.0 0.0 0.0 0.19611613513818404 
0.9805806756909202 0.0 0.0 0.19611613513818404 0.0 
0.9805806756909202 0.0 0.19611613513818404 0.0 0.0 
0.9805806756909202 0.19611613513818404 0.0 0.0 0.0 
1.0 0.0 0.0 0.0 0.0 
