0.0 1.0 
0.010100494835363273 0.999948988700964 
0.020403914662519312 0.9997918184634463 
0.030913053938445352 0.9995220773430664 
0.041630544712181326 0.9991330730923518 
0.05255883312276367 0.9986178293325096 
0.06370015422533787 0.9979690828636267 
0.07505650511901428 0.9971792822954755 
0.086629616364842 0.996240588195683 
0.09842092169996554 0.9951448749663182 
0.11043152607484655 0.993883734673619 
0.12266217206461029 0.9924484830682105 
0.1351132047333135 0.990830168044299 
0.1477845350613803 0.9890195807953913 
0.160675602081711 0.9870072699305105 
0.17378533390904766 0.9847835588179368 
0.1871121078899952 0.9823385664224747 
0.20065371014743788 0.9796622318963143 
0.21440729484260865 0.9767443431718839 
0.22836934353023886 0.9735745697868077 
0.24253562503633297 0.9701425001453319 
0.25690115634325167 0.9664376833865183 
0.2714601650218062 0.9624496759864039 
0.2862060538035814 0.9581680931685116 
0.3011313679370974 0.9535826651341416 
0.31622776601683794 0.9486832980505138 
0.3314859950125598 0.9434601396511318 
0.34689587025541846 0.9379036492090944 
0.3624462611549484 0.932004671541296 
0.37812508342441775 0.9257545145908159 
0.3939192985791677 0.9191450300180579 
0.4098149214410351 0.912168696110691 
0.4257970363298796 0.9048187022009941 
0.4418498225490489 0.8970890336601902 
0.4579565896743105 0.8889745564266028 
0.47409982303501746 0.8804710999221752 
0.49026123963255896 0.8715755371245493 
0.5064218545758634 0.8622858604940377 
0.5225620579292874 0.8526012524109426 
0.538661701668081 0.8425221487628959 
0.5547001962252291 0.8320502943378436 
0.5706566158962637 0.8211887887287698 
0.586509812151843 0.8099421215430211 
0.602238533698372 0.7983161958327257 
0.6178215519319035 0.7863183388224226 
0.6332377902572627 0.773957299203321 
0.6484664555997911 0.7612432304867113 
0.6634871703275946 0.7481876601566492 
0.6782801027330657 0.7348034446274879 
0.6928260941977283 0.7211047102874315 
0.7071067811865476 0.7071067811865476 
0.7211047102874315 0.6928260941977283 
0.7348034446274879 0.6782801027330657 
0.7481876601566492 0.6634871703275946 
0.7612432304867113 0.6484664555997911 
0.773957299203321 0.6332377902572627 
0.7863183388224226 0.6178215519319035 
0.7983161958327257 0.602238533698372 
0.8099421215430211 0.586509812151843 
0.8211887887287698 0.5706566158962637 
0.8320502943378436 0.5547001962252291 
0.8425221487628959 0.538661701668081 
0.8526012524109426 0.5225620579292874 
0.8622858604940377 0.5064218545758634 
0.8715755371245493 0.49026123963255896 
0.8804710999221752 0.47409982303501746 
0.8889745564266028 0.4579565896743105 
0.8970890336601902 0.4418498225490489 
0.9048187022009941 0.4257970363298796 
0.912168696110691 0.4098149214410351 
0.9191450300180579 0.3939192985791677 
0.9257545145908159 0.37812508342441775 
0.932004671541296 0.3624462611549484 
0.9379036492090944 0.34689587025541846 
0.9434601396511318 0.3314859950125598 
0.9486832980505138 0.31622776601683794 
0.9535826651341416 0.3011313679370974 
0.9581680931685116 0.2862060538035814 
0.9624496759864039 0.2714601650218062 
0.9664376833865183 0.25690115634325167 
0.9701425001453319 0.24253562503633297 
0.9735745697868077 0.22836934353023886 
0.9767443431718839 0.21440729484260865 
0.9796622318963143 0.20065371014743788 
0.9823385664224747 0.1871121078899952 
0.9847835588179368 0.17378533390904766 
0.9870072699305105 0.160675602081711 
0.9890195807953913 0.1477845350613803 
0.990830168044299 0.1351132047333135 
0.9924484830682105 0.12266217206461029 
0.993883734673619 0.11043152607484655 
0.9951448749663182 0.09842092169996554 
0.996240588195683 0.086629616364842 
0.9971792822954755 0.07505650511901428 
0.9979690828636267 0.06370015422533787 
0.9986178293325096 0.05255883312276367 
0.9991330730923518 0.041630544712181326 
0.9995220773430664 0.030913053938445352 
0.9997918184634463 0.020403914662519312 
0.999948988700964 0.010100494835363273 
1.0 0.0 
