0.0 0.0 1.0 
0.0 0.09053574604251853 0.9958932064677039 
0.0 0.19611613513818404 0.9805806756909202 
0.0 0.31622776601683794 0.9486832980505138 
0.0 0.4472135954999579 0.8944271909999159 
0.0 0.5812381937190965 0.813733471206735 
0.0 0.7071067811865475 0.7071067811865475 
0.0 0.813733471206735 0.5812381937190965 
0.0 0.8944271909999159 0.4472135954999579 
0.0 0.9486832980505138 0.31622776601683794 
0.0 0.9805806756909202 0.19611613513818404 
0.0 0.9958932064677039 0.09053574604251853 
0.0 1.0 0.0 
0.09053574604251853 0.0 0.9958932064677039 
0.09901475429766743 0.09901475429766743 0.9901475429766743 
0.10783277320343841 0.21566554640687682 0.9704949588309457 
0.11624763874381928 0.34874291623145787 0.9299811099505543 
0.12309149097933274 0.49236596391733095 0.8616404368553292 
0.1270001270001905 0.6350006350009525 0.7620007620011431 
0.1270001270001905 0.7620007620011431 0.6350006350009525 
0.12309149097933274 0.8616404368553292 0.49236596391733095 
0.11624763874381928 0.9299811099505543 0.34874291623145787 
0.10783277320343841 0.9704949588309457 0.21566554640687682 
0.09901475429766743 0.9901475429766743 0.09901475429766743 
0.09053574604251853 0.9958932064677039 0.0 
0.19611613513818404 0.0 0.9805806756909202 
0.21566554640687682 0.10783277320343841 0.9704949588309457 
0.23570226039551584 0.23570226039551584 0.9428090415820634 
0.254000254000381 0.38100038100057154 0.8890008890013336 
0.2672612419124244 0.5345224838248488 0.8017837257372732 
0.2721655269759087 0.6804138174397717 0.6804138174397717 
0.2672612419124244 0.8017837257372732 0.5345224838248488 
0.254000254000381 0.8890008890013336 0.38100038100057154 
0.23570226039551584 0.9428090415820634 0.23570226039551584 
0.21566554640687682 0.9704949588309457 0.10783277320343841 
0.19611613513818404 0.9805806756909202 0.0 
0.31622776601683794 0.0 0.9486832980505138 
0.34874291623145787 0.11624763874381928 0.9299811099505543 
0.38100038100057154 0.254000254000381 0.8890008890013336 
0.408248290463863 0.408248290463863 0.816496580927726 
0.4242640687119285 0.565685424949238 0.7071067811865475 
0.4242640687119285 0.7071067811865475 0.565685424949238 
0.408248290463863 0.816496580927726 0.408248290463863 
0.38100038100057154 0.8890008890013336 0.254000254000381 
0.34874291623145787 0.9299811099505543 0.11624763874381928 
0.31622776601683794 0.9486832980505138 0.0 
0.4472135954999579 0.0 0.8944271909999159 
0.49236596391733095 0.12309149097933274 0.8616404368553292 
0.5345224838248488 0.2672612419124244 0.8017837257372732 
0.565685424949238 0.4242640687119285 0.7071067811865475 
0.5773502691896257 0.5773502691896257 0.5773502691896257 
0.565685424949238 0.7071067811865475 0.4242640687119285 
0.5345224838248488 0.8017837257372732 0.2672612419124244 
0.49236596391733095 0.8616404368553292 0.12309149097933274 
0.4472135954999579 0.8944271909999159 0.0 
0.5812381937190965 0.0 0.813733471206735 
0.6350006350009525 0.1270001270001905 0.7620007620011431 
0.6804138174397717 0.2721655269759087 0.6804138174397717 
0.7071067811865475 0.4242640687119285 0.565685424949238 
0.7071067811865475 0.565685424949238 0.4242640687119285 
0.6804138174397717 0.6804138174397717 0.2721655269759087 
0.6350006350009525 0.7620007620011431 0.1270001270001905 
0.5812381937190965 0.813733471206735 0.0 
0.7071067811865475 0.0 0.7071067811865475 
0.7620007620011431 0.1270001270001905 0.6350006350009525 
0.8017837257372732 0.2672612419124244 0.5345224838248488 
0.816496580927726 0.408248290463863 0.408248290463863 
0.8017837257372732 0.5345224838248488 0.2672612419124244 
0.7620007620011431 0.6350006350009525 0.1270001270001905 
0.7071067811865475 0.7071067811865475 0.0 
0.813733471206735 0.0 0.5812381937190965 
0.8616404368553292 0.12309149097933274 0.49236596391733095 
0.8890008890013336 0.254000254000381 0.38100038100057154 
0.8890008890013336 0.38100038100057154 0.254000254000381 
0.8616404368553292 0.49236596391733095 0.12309149097933274 
0.813733471206735 0.5812381937190965 0.0 
0.8944271909999159 0.0 0.4472135954999579 
0.9299811099505543 0.11624763874381928 0.34874291623145787 
0.9428090415820634 0.23570226039551584 0.23570226039551584 
0.9299811099505543 0.34874291623145787 0.11624763874381928 
0.8944271909999159 0.4472135954999579 0.0 
0.9486832980505138 0.0 0.31622776601683794 
0.9704949588309457 0.10783277320343841 0.21566554640687682 
0.9704949588309457 0.21566554640687682 0.10783277320343841 
0.9486832980505138 0.31622776601683794 0.0 
0.9805806756909202 0.0 0.19611613513818404 
0.9901475429766743 0.09901475429766743 0.09901475429766743 
0.9805806756909202 0.19611613513818404 0.0 
0.9958932064677039 0.0 0.09053574604251853 
0.9958932064677039 0.09053574604251853 0.0 
1.0 0.0 0.0 
